0 62.4 68.4 62.4 60 43.2 44.4 78 76.8 80.4
62.4 0 44.4 92.4 109.2 103.2 44.4 134.4 78 32.4
68.4 44.4 0 61.2 87.6 92.4 78 116.4 36 76.8
62.4 92.4 61.2 0 32.4 51.6 100.8 60 36 122.4
60 109.2 87.6 32.4 0 27.6 104.4 28.8 68.4 134.4
43.2 103.2 92.4 51.6 27.6 0 86.4 34.8 82.8 123.6
44.4 44.4 78 100.8 104.4 86.4 0 121.2 102 43.2
78 134.4 116.4 60 28.8 34.8 121.2 0 97.2 157.2
76.8 78 36 36 68.4 82.8 102 97.2 0 110.4
80.4 32.4 76.8 122.4 134.4 123.6 43.2 157.2 110.4 0