0 78 85.5 78 75 54 55.5 97.5 96 100.5
78 0 55.5 115.5 136.5 129 55.5 168 97.5 40.5
85.5 55.5 0 76.5 109.5 115.5 97.5 145.5 45 96
78 115.5 76.5 0 40.5 64.5 126 75 45 153
75 136.5 109.5 40.5 0 34.5 130.5 36 85.5 168
54 129 115.5 64.5 34.5 0 108 43.5 103.5 154.5
55.5 55.5 97.5 126 130.5 108 0 151.5 127.5 54
97.5 168 145.5 75 36 43.5 151.5 0 121.5 196.5
96 97.5 45 45 85.5 103.5 127.5 121.5 0 138
100.5 40.5 96 153 168 154.5 54 196.5 138 0